0.014502865099999583,0.026629907533942596,0.020034749786150552,0.019166193041463532,0.03717341682693538,0.9873346002023922,0.024197700589313587,0.017146701557196754,0.9758437359046849,0.03840320363304361,0.036864689467808645,0.03563750043462926,0.010790399237230455,0.053994875097042164,0.034133987886180044,0.03367612633774778,0.011970212333004018,0.05749049302370689,0.02605123443024245,0.06353241376388925,0.020695014094344006,0.02785608598481523,0.019729924069270214,0.01633855018630554,0.9486859130097988,0.027758470313937238,0.010629055370980946,0.07815635390494738,0.022239023587670135,0.010636006392251417,0.014932893786462413,0.04300455342777134,0.9405832393606901,0.9626413449405314,0.03403448766968361,0.045872615192535986,0.010275369775198473,0.9373686647683453,0.012634022249737,0.013418097540162984,0.010777028724647463,0.03612044212914777,0.010266049913832906,0.06182396165020338,0.03284357886341671,0.039774748139337096,0.0312607669674562,0.011686208955108513,0.05118301986838264,0.06051899307044229,0.011056479015733207
0.026629907533942596,0.034755875106575566,0.030003501098225294,0.029430627496881405,0.04336682831089483,0.9875871767271865,0.032929433535480286,0.028157206066105358,0.9760992858226923,0.044425498629036914,0.043102484948266136,0.04205770222427454,0.024804265658478385,0.05843171583911198,0.040791518826484414,0.04040916188531379,0.02533978812963416,0.06167637851938485,0.03431451142733925,0.06734379316480155,0.030448357714705134,0.035704067072967555,0.02980081849440909,0.027672497201155728,0.9489487765008147,0.035627960274583245,0.02473450418417409,0.08128489733568549,0.03151813841727483,0.024737492013814977,0.026866525566126235,0.048458337720970024,0.9408483666592651,0.9629003987267182,0.0407082943648514,0.05102073797741493,0.024584590766872836,0.9376347010263368,0.025660035022665038,0.026055022946734754,0.024798452114787796,0.04246769617912726,0.024580696897990004,0.06573447431358499,0.03971800034889747,0.0456163289700656,0.03841945380339429,0.025206871263605983,0.05584371407781541,0.06450866144493923,0.024921167857524164
0.020034749786150552,0.030003501098225294,0.02434028146670727,0.023630511179141236,0.03966006834933541,0.9874313499477837,0.027867307309730176,0.022024247482637115,0.9759416247948938,0.04081499910775312,0.03937084495464677,0.03822420097416131,0.01753541612234216,0.05573602640689465,0.036826447451509085,0.03640246678455766,0.018285078238336177,0.05912879916752719,0.0294910989660325,0.06501865656525746,0.02488657692913935,0.031096939226848246,0.024089998062765423,0.02140108233420213,0.9487866038504762,0.03100952719817909,0.017436597172735643,0.07936922425348668,0.026184580825703938,0.01744083526844075,0.020348204336565954,0.04517133735464242,0.9406847975114375,0.9627405762155244,0.03673424089079178,0.04790986252837047,0.017223278633928443,0.9374705711607567,0.018726361661885186,0.01926404538206349,0.01752719176071142,0.0386748554294646,0.01721772004994222,0.06335029863395035,0.03563367473952618,0.04210805970871341,0.03418031091547405,0.018100430454200036,0.05301659764387116,0.062077424440331895,0.01770039070501616
0.019166193041463532,0.029430627496881405,0.023630511179141236,0.02289875139164807,0.039228468975769905,0.9874141089818453,0.027249560976352012,0.021237213420913604,0.9759241808480853,0.04039574122200103,0.038936039720955454,0.03777620013741535,0.01653609915586753,0.055429742885377366,0.036361229195500874,0.03593175955488138,0.01732904621988933,0.05884017885512203,0.02890807283326422,0.06475629280818879,0.024192839187638898,0.03054458030465108,0.023372628508001134,0.020590242392557793,0.9487686606348407,0.030455582965420218,0.01643127133466057,0.07915444090705993,0.025526144043447063,0.016435768663797635,0.019493618864429123,0.044792873039311724,0.9406666997538731,0.9627228930738632,0.036267839893378055,0.04755319846441817,0.016204724114002114,0.937452411351736,0.017794054563272217,0.018359063189367458,0.01652737752112342,0.038232135687128084,0.01619881601930116,0.06308099629618795,0.03515267460878805,0.0417018039075237,0.033678560108583326,0.017134098731369493,0.05269450998387888,0.06180257585128714,0.0167109421583347
0.03717341682693538,0.04336682831089483,0.03966006834933541,0.039228468975769905,0.05053110666776831,0.9879277010891526,0.04191728207184196,0.038282361431498324,0.9764438164722499,0.05144254923466867,0.05030442477594052,0.04941215700319605,0.035888194969643156,0.06392946393663472,0.04833900031542008,0.04801678152059181,0.03626038893582773,0.06690804593312517,0.04301391214269804,0.07216576349728672,0.039997667817578984,0.04413039030955557,0.0395069579474232,0.03792727309826956,0.9493031609373878,0.04406883815861307,0.035840014516733604,0.0853225965275066,0.040817937143040994,0.035842076592411745,0.03734328774114653,0.0549629096573529,0.9412058010811077,0.9632496503043204,0.04826879088415353,0.057234837704695035,0.03573671846291093,0.9379933600575597,0.03648490565545081,0.03676377516085127,0.035884177162255976,0.049761593243036445,0.03573403984037637,0.0706663431670701,0.04743659447133372,0.05247437862450585,0.04635477724974954,0.03616762782133707,0.061572975771254944,0.06952753659335659,0.03596909160245287
0.9873346002023922,0.9875871767271865,0.9874313499477837,0.9874141089818453,0.9879277010891526,1.3962266622642352,0.987524586212677,0.9873769741263975,1.3881247337920037,0.9879747394088525,0.9879161325690895,0.9878711004467825,0.9872870465960788,0.9887035583011998,0.9878180038801292,0.9878022884898703,0.9873006460263287,0.9889006201074089,0.9875717424450987,0.9892702599691223,0.9874449672103626,0.9876210007827407,0.9874252121373487,0.9873632704749045,1.3691691791754386,0.9876182523297545,0.9872852963955192,0.9903169670950934,0.9874785333519113,0.9872853712542716,0.9873410104809517,0.988164293665902,1.3635674203452348,1.3788754978784792,0.9878145706617446,0.9882932644136109,0.9872815519823744,1.3613520093459661,0.9873089172994012,0.9873192619423092,0.9872869005556798,0.9878886404855124,0.9872814550276644,0.9891620099330719,0.9877742557554668,0.9880290027373977,0.9877228939394401,0.9872972435596341,0.988553984961649,0.9890813051427921,0.9872899905240274
0.024197700589313587,0.032929433535480286,0.027867307309730176,0.027249560976352012,0.04191728207184196,0.987524586212677,0.030995553415148897,0.02586899673340377,0.9760359586214606,0.04301164571348433,0.04164373839197488,0.04056139858201985,0.022172693417807966,0.0573641190505569,0.039246971178871465,0.038849415733280095,0.02277019106196702,0.06066590810175161,0.03246324741982433,0.06641959964022144,0.02834570912971447,0.033928706784884986,0.027648969627826085,0.025340557213520503,0.9488836373133097,0.03384860841853053,0.02209462459017261,0.08052087476807902,0.029491859687619394,0.02209796935642038,0.024457860383505524,0.04716553013826221,0.9407826666047534,0.9628362034150026,0.03916046435678626,0.04979450212928898,0.021926669644940236,0.9375687757744985,0.02312604886071399,0.02356355150011579,0.022166189700378317,0.04098636306512685,0.02192230367763821,0.06478732786453767,0.038129992004441254,0.04424054935518976,0.036775415281066266,0.022622181535911598,0.05472565340449151,0.06354324621831593,0.02230339314827746
0.017146701557196754,0.028157206066105358,0.022024247482637115,0.021237213420913604,0.038282361431498324,0.9873769741263975,0.02586899673340377,0.01943413626777278,0.975886608773066,0.03947761805711942,0.03798264877204787,0.036792767161644535,0.014145988614501684,0.05476424759757018,0.035338440927645265,0.034896386106568936,0.01506526672448879,0.05821368452770944,0.02761056126778732,0.06418756793062666,0.02262653059016969,0.029319580566171257,0.021747325857722273,0.018724969969888136,0.9487300131340941,0.029226853274899822,0.014023305468475205,0.07868984644729059,0.024046838634542718,0.014028574772898376,0.01751192722176961,0.043966667985018235,0.9406277193685247,0.962684805773467,0.03524234142506189,0.04677577474275836,0.013757161851190455,0.9374132973068887,0.01559791000069039,0.01623950799070328,0.014135792383685614,0.03726073828828276,0.01375020214455396,0.06249702802780789,0.034093649712816906,0.040813072265274114,0.03257164149342782,0.014840611777323941,0.05199401697339839,0.061206411432488256,0.014349982801666923
0.9758437359046849,0.9760992858226923,0.9759416247948938,0.9759241808480853,0.9764438164722499,1.3881247337920037,0.9760359586214606,0.975886608773066,1.3799752391665279,0.9764914079793967,0.9764321118940433,0.976386550115031,0.9757956223123787,0.9772287911973576,0.9763328289765317,0.9763169287139395,0.975809381893616,0.977428166463609,0.9760836698888283,0.9778021432820495,0.9759554023707583,0.9761335079458634,0.9759354147237833,0.9758727437686197,1.3609061780121137,0.976130727147995,0.975793851500604,0.9788611134701486,0.9759893636605045,0.9757939272409312,0.9758502216657746,0.9766831909190542,1.3552702660261358,1.370671011876015,0.9763293553710456,0.9768136775418873,0.9757900629911747,1.3530412696950134,0.9758177505694957,0.9758282170289507,0.9757954745521398,0.9764042964612092,0.9757899648946677,0.977692623498014,0.9762885661938591,0.9765463093974864,0.9762366000922611,0.9758059393588697,0.9770774612747706,0.977610971875093,0.9757986009092906
0.03840320363304361,0.044425498629036914,0.04081499910775312,0.04039574122200103,0.05144254923466867,0.9879747394088525,0.04301164571348433,0.03947761805711942,0.9764914079793967,0.05233812188503941,0.05121990123702104,0.05034386149671505,0.03716053913590398,0.0646522968649793,0.04929099392572758,0.04897503893095112,0.03752011375874851,0.0675990365410715,0.04408105906749153,0.0728068715976607,0.04114312289480861,0.045171168676110734,0.04066623730997737,0.039133376743678186,0.9493521130204576,0.045111036646722745,0.037114010444192186,0.08586552631229609,0.041940995735737806,0.03711600173979197,0.038567658342320905,0.055802012228003635,0.9412551742856033,0.9632978936663815,0.04922214241690495,0.05804110420878217,0.03701426991295776,0.9380429023465626,0.03773713650211258,0.03800681905618458,0.03715665890932747,0.05068687495572538,0.03701168374993951,0.07132093092001847,0.04840633869370519,0.05335263388737174,0.04734668419821845,0.037430474655214915,0.062323145588292314,0.07019274517663823,0.037238671853297566
0.036864689467808645,0.043102484948266136,0.03937084495464677,0.038936039720955454,0.05030442477594052,0.9879161325690895,0.04164373839197488,0.03798264877204787,0.9764321118940433,0.05121990123702104,0.05007671677543504,0.049180317919645215,0.03556831383616602,0.06375044133333008,0.048101989173661645,0.047778171988525533,0.035943820285918096,0.06673701387954113,0.04274738645564925,0.07200722069428316,0.03971090331148705,0.04387064804447953,0.039216605376145755,0.03762473196767786,0.9492911217201416,0.04380873095193367,0.03551969948533566,0.08518854318019858,0.04053697575772179,0.03552178015563394,0.03703597643220634,0.05475457833799121,0.9411936582870172,0.9632377854000352,0.04803143329515601,0.05703480567207764,0.035415469183200696,0.937981175676271,0.036170302067525306,0.03645157849869473,0.035564259890809656,0.04953138977511422,0.03541276626137083,0.07050442870894702,0.04719505171102844,0.05225612713354172,0.04610756754419796,0.0358502400716039,0.06138708134694488,0.06936296386191566,0.03564993634881449
0.03563750043462926,0.04205770222427454,0.03822420097416131,0.03777620013741535,0.04941215700319605,0.9878711004467825,0.04056139858201985,0.036792767161644535,0.976386550115031,0.05034386149671505,0.049180317919645215,0.04826727440355023,0.03429476719294415,0.06304875001032613,0.04716807681190002,0.04683780338823934,0.0346840644160487,0.06606705025372561,0.04169370643704951,0.07138673504080038,0.03857436907435443,0.04284460138118727,0.038065315510298646,0.03642315971068188,0.9492442572301162,0.0427811993203691,0.0342443449229036,0.08466471518191505,0.0394242629766539,0.03424650307834988,0.03581465702693776,0.05393598016761589,0.9411463905829788,0.9631915994910019,0.04709612183669968,0.0562494014698992,0.034136220721346366,0.9379337460773602,0.03491871789350612,0.03520999407436392,0.03429056268496175,0.04862493887630634,0.03413341649985719,0.06987059878980022,0.04624282661858904,0.05139775219469344,0.04513240401876478,0.034587075922400165,0.060658056875955615,0.06871860638414938,0.03437941345259927
0.010790399237230455,0.024804265658478385,0.01753541612234216,0.01653609915586753,0.035888194969643156,0.9872870465960788,0.022172693417807966,0.014145988614501684,0.9757956223123787,0.03716053913590398,0.03556831383616602,0.03429476719294415,0.004746823705264524,0.05311822809860304,0.032729631049003956,0.03225183878023062,0.007027489088375673,0.056667948680880695,0.0241819443992721,0.06278906925776223,0.01828614852709927,0.0261163003885209,0.017186317911909048,0.013154764983855182,0.9486364220094153,0.026012156653375983,0.004367658144751778,0.07755330602434317,0.020016837655408667,0.0043845469054453814,0.011361819239356231,0.0418985827339312,0.9405333219965358,0.9625925714488478,0.032625848196298025,0.04483744466617741,0.0034180174966053005,0.9373185762104476,0.008106672424422194,0.009281430988127079,0.0047163511024852865,0.034796349796999554,0.003389896816032354,0.06105982192666349,0.03138152788102438,0.03857629076437673,0.029720955081955873,0.006532005766416318,0.05025734913858161,0.059738163194479624,0.005324034918685864
0.053994875097042164,0.05843171583911198,0.05573602640689465,0.055429742885377366,0.06392946393663472,0.9887035583011998,0.0573641190505569,0.05476424759757018,0.9772287911973576,0.0646522968649793,0.06375044133333008,0.06304875001032613,0.05311822809860304,0.07497039400577792,0.06221127365397918,0.06196123728390475,0.05337039838649885,0.07752593262093199,0.05817026951953934,0.08210652251375905,0.05597675454151924,0.05900063531039151,0.05562718170477061,0.05451661822625118,0.9501105593476329,0.05895461063230027,0.053085687889635344,0.09388039782804386,0.05656578127074129,0.053087080091227576,0.0541119650121317,0.06748707325227875,0.9420201397034385,0.9640453684498212,0.06215673568949904,0.0693499117896979,0.0530160038540577,0.9388104852046695,0.05352319085072608,0.053713674071261645,0.053115513635549776,0.0633229798749357,0.0530141983007355,0.08079180450245071,0.06151271505301868,0.06547628601397683,0.06068236145726366,0.053307418999411854,0.07297132973629883,0.0797976313113155,0.05317291762600344
0.034133987886180044,0.040791518826484414,0.036826447451509085,0.036361229195500874,0.04833900031542008,0.9878180038801292,0.039246971178871465,0.035338440927645265,0.9763328289765317,0.04929099392572758,0.048101989173661645,0.04716807681190002,0.032729631049003956,0.06221127365397918,0.04604264503608569,0.04570423960663879,0.033137320594796155,0.06526831406596918,0.040416121142986365,0.07064816792791674,0.037189778720371505,0.041602374443035335,0.03666150483387538,0.034953458413947036,0.9491889999236931,0.04153707629425589,0.03267679376842959,0.0840429157551098,0.03807059499191008,0.032679055446587085,0.03431890659305549,0.05295458099567156,0.9410906578003814,0.9631371423747608,0.04596892846089569,0.055309066684473926,0.0325634650631987,0.9378778223854617,0.03338284815757861,0.03368740676428549,0.032725225454333796,0.04753401279620955,0.032560525391006956,0.06911583224580976,0.04509430901413806,0.05036691992223467,0.04395488123404158,0.03303579138824373,0.05978710191799191,0.06795104528383167,0.03281831441635065
0.03367612633774778,0.04040916188531379,0.03640246678455766,0.03593175955488138,0.04801678152059181,0.9878022884898703,0.038849415733280095,0.034896386106568936,0.9763169287139395,0.04897503893095112,0.047778171988525533,0.04683780338823934,0.03225183878023062,0.06196123728390475,0.04570423960663879,0.04536330977919396,0.03266549207197659,0.06503003288570638,0.040030178669931187,0.0704280908989672,0.03676998772602815,0.041227538313614885,0.03623559427946963,0.03450647201899361,0.9491726449557228,0.04116164553533907,0.03219821745200412,0.08385799928881292,0.037660623456604016,0.03220051274410358,0.03386354538209092,0.05266061150925997,0.9410741620909887,0.9631210242632658,0.045629976330752234,0.05502767679640535,0.032083198297928876,0.9378612701666478,0.03291453945012771,0.03322339131702981,0.0322473679102503,0.04720629967083077,0.032080214616496454,0.06889086022930024,0.04474873251349849,0.05005775642749946,0.043600274545015937,0.03256249174663423,0.059526883942084656,0.06772220397526504,0.032341832310994884
0.011970212333004018,0.02533978812963416,0.018285078238336177,0.01732904621988933,0.03626038893582773,0.9873006460263287,0.02277019106196702,0.01506526672448879,0.975809381893616,0.03752011375874851,0.035943820285918096,0.0346840644160487,0.007027489088375673,0.05337039838649885,0.033137320594796155,0.03266549207197659,0.008731487300890786,0.05690439065043493,0.024730946252172908,0.06300254348718343,0.019006222548247523,0.02662544673018342,0.017950565199112357,0.01413863887999267,0.94865057551789,0.026523302233284425,0.006777145805410598,0.07772624101874347,0.02067672743258382,0.006788042366133891,0.012487762170468467,0.042217822098143044,0.9405475974417444,0.9626065197556598,0.03303481857262518,0.045135902691658875,0.006207746064835278,0.9373329006157732,0.009621403504440771,0.010630062501497511,0.007006941937842221,0.03518009702649395,0.0061923071646781385,0.06127932050303947,0.031806501847042035,0.038922788655697774,0.030169329435405363,0.008337887438126875,0.05052380043143694,0.059962500026672146,0.007429577068296978
0.05749049302370689,0.06167637851938485,0.05912879916752719,0.05884017885512203,0.06690804593312517,0.9889006201074089,0.06066590810175161,0.05821368452770944,0.977428166463609,0.0675990365410715,0.06673701387954113,0.06606705025372561,0.056667948680880695,0.07752593262093199,0.06526831406596918,0.06503003288570638,0.05690439065043493,0.07999987800058819,0.06142874333192527,0.08444638115790475,0.05935576888866997,0.062215634838788905,0.059026211091169255,0.05798078918219835,0.9503156240088003,0.062171990205958816,0.05663744794815073,0.09593351524736018,0.059911583705766394,0.05663875284622815,0.05760047750529393,0.07031511436044276,0.9422269651513108,0.9642474696264001,0.06521633263943895,0.07210492713124803,0.05657213904403091,0.9390180176022134,0.05704771871167991,0.05722647144108601,0.056665404261612574,0.06632880242854697,0.05657044699163524,0.08316865951863071,0.06460282009755904,0.06838753016119097,0.06381268873346198,0.056845326736175615,0.07559447873255927,0.0822032372492735,0.05671921561715618
0.02605123443024245,0.03431451142733925,0.0294910989660325,0.02890807283326422,0.04301391214269804,0.9875717424450987,0.03246324741982433,0.02761056126778732,0.9760836698888283,0.04408105906749153,0.04274738645564925,0.04169370643704951,0.0241819443992721,0.05817026951953934,0.040416121142986365,0.040030178669931187,0.024730946252172908,0.06142874333192527,0.03386739633585838,0.06711707173213598,0.02994356905239856,0.035274569389633706,0.02928487020647064,0.027116082707889212,0.9489327137697732,0.03519753391077844,0.024110382355119184,0.08109716009174456,0.03103075715098831,0.02411344751806918,0.026293060606715823,0.048142759941165646,0.9408321656307675,0.9628845687350825,0.04033212206379066,0.05072110550681193,0.02395656367778413,0.9376184444691888,0.025058975187295933,0.025463288492023013,0.02417598120785463,0.04210724473099347,0.023952567713378295,0.06550218281367791,0.039332358075611695,0.04528094862940002,0.038020642690836576,0.02459473925401776,0.05557009305442916,0.06427193976760702,0.024301840412940177
0.06353241376388925,0.06734379316480155,0.06501865656525746,0.06475629280818879,0.07216576349728672,0.9892702599691223,0.06641959964022144,0.06418756793062666,0.9778021432820495,0.0728068715976607,0.07200722069428316,0.07138673504080038,0.06278906925776223,0.08210652251375905,0.07064816792791674,0.0704280908989672,0.06300254348718343,0.08444638115790475,0.06711707173213598,0.0886701872177073,0.0652251340429618,0.0678380131559781,0.064925375673433,0.06397642319438984,0.9507002661437477,0.06779798799910638,0.06276154332580276,0.09967171192606566,0.0657313370675676,0.0627627208981036,0.06363195596078283,0.0753354240585349,0.9426149079389773,0.9646265564929635,0.07060014768748776,0.07700864449631432,0.06270261339509144,0.9394072855754035,0.06313202848605522,0.0632936003412238,0.06278677289596205,0.07162905026706938,0.06270108677997971,0.08745419793630867,0.0700338145120963,0.07353954781003849,0.06930562786636334,0.06294920160176534,0.08028534128596883,0.08653659933702895,0.06283534221107248
0.020695014094344006,0.030448357714705134,0.02488657692913935,0.024192839187638898,0.039997667817578984,0.9874449672103626,0.02834570912971447,0.02262653059016969,0.9759554023707583,0.04114312289480861,0.03971090331148705,0.03857436907435443,0.01828614852709927,0.05597675454151924,0.037189778720371505,0.03676998772602815,0.019006222548247523,0.05935576888866997,0.02994356905239856,0.0652251340429618,0.025421135313384573,0.031526370527698404,0.024641842788953084,0.02202041630956908,0.9488007757456208,0.03144015245551532,0.018191408146036692,0.07953845716363685,0.02669315796958576,0.01819547043173999,0.02099861493275399,0.045468034131446136,0.9406990914625706,0.9627545427060687,0.037098475213870406,0.04818970156432591,0.01798704356678366,0.937484914119607,0.019431135593761903,0.01994983342922038,0.018278261963003695,0.03902097963738769,0.0179817210825221,0.06356219589018404,0.03600904309772455,0.04242618415323267,0.034571463140137884,0.018828648172366742,0.05326961643473288,0.0622936516389636,0.01844440946416176
0.02785608598481523,0.035704067072967555,0.031096939226848246,0.03054458030465108,0.04413039030955557,0.9876210007827407,0.033928706784884986,0.029319580566171257,0.9761335079458634,0.045171168676110734,0.04387064804447953,0.04284460138118727,0.0261163003885209,0.05900063531039151,0.041602374443035335,0.041227538313614885,0.02662544673018342,0.062215634838788905,0.035274569389633706,0.0678380131559781,0.031526370527698404,0.036627721150490004,0.030901429320725628,0.028854404386073514,0.9489839777222375,0.03655353750944453,0.02605005275165508,0.08169482288370554,0.032560752454720426,0.026052889710368916,0.02808237431419219,0.049142853456089354,0.9408838709407946,0.9629350899303648,0.04152077529650042,0.05167131946144898,0.025907752783707348,0.9376703269912486,0.026930409363607584,0.027307027884446916,0.02611077896992945,0.04324713597326125,0.02590405781181671,0.06624070247521875,0.040550328023853346,0.04634284216394516,0.0392793072963136,0.026498979414820715,0.05643872742303715,0.06502443350422113,0.026227355156591414
0.019729924069270214,0.02980081849440909,0.024089998062765423,0.023372628508001134,0.0395069579474232,0.9874252121373487,0.027648969627826085,0.021747325857722273,0.9759354147237833,0.04066623730997737,0.039216605376145755,0.038065315510298646,0.017186317911909048,0.05562718170477061,0.03666150483387538,0.03623559427946963,0.017950565199112357,0.059026211091169255,0.02928487020647064,0.064925375673433,0.024641842788953084,0.030901429320725628,0.02383708689100978,0.02111598990956396,0.9487802160410523,0.03081346267202239,0.017085479968375516,0.07929282731360868,0.025952090046917817,0.01708980513775377,0.020048145163783854,0.04503696729568302,0.9406783546855534,0.9627342809916897,0.03656888238117523,0.04778319403590415,0.016867721591473,0.9374641062447463,0.01839987298535595,0.01894682425283219,0.017177926411597492,0.03851782895329766,0.01686204579829182,0.06325455747846316,0.035463184857368,0.04196388205609774,0.03400253459764409,0.017762440356348577,0.05290215808941667,0.06197971708495146,0.017354611372650524
0.01633855018630554,0.027672497201155728,0.02140108233420213,0.020590242392557793,0.03792727309826956,0.9873632704749045,0.025340557213520503,0.018724969969888136,0.9758727437686197,0.039133376743678186,0.03762473196767786,0.03642315971068188,0.013154764983855182,0.05451661822625118,0.034953458413947036,0.03450647201899361,0.01413863887999267,0.05798078918219835,0.027116082707889212,0.06397642319438984,0.02202041630956908,0.028854404386073514,0.02111598990956396,0.01798786669597214,0.9487157512497182,0.028760177333447958,0.013022747181797616,0.07851770998823783,0.023477420987293034,0.013028421165193113,0.016721436628454107,0.04365783711550171,0.9406133346345517,0.9626707506281661,0.034856297523108856,0.04648561014641114,0.012735711605509178,0.9373988632464156,0.014704885048462244,0.015383772868804544,0.013143799839221357,0.036895819081391217,0.012728193387710116,0.06228015221727912,0.03369444759361862,0.04048018917482153,0.03215354844298277,0.01389901456305796,0.05173312912369491,0.060984946079683314,0.013373887030590158
0.9486859130097988,0.9489487765008147,0.9487866038504762,0.9487686606348407,0.9493031609373878,1.3691691791754386,0.9488836373133097,0.9487300131340941,1.3609061780121137,0.9493521130204576,0.9492911217201416,0.9492442572301162,0.9486364220094153,0.9501105593476329,0.9491889999236931,0.9491726449557228,0.94865057551789,0.9503156240088003,0.9489327137697732,0.9507002661437477,0.9488007757456208,0.9489839777222375,0.9487802160410523,0.9487157512497182,1.3415660960200069,0.9489811173681468,0.9486346004996898,0.9517893906231789,0.9488357089703463,0.9486346784084497,0.9486925844360566,0.9495493773694177,1.3358485912008802,1.3514706757588348,0.9491854269836134,0.9496835921883294,0.9486307035254256,1.3335871333125247,0.9486591837774689,0.9486699498712522,0.9486362700188407,0.9492625109982654,0.9486306026204089,0.9505876238839072,0.9491434713043567,0.9494085838229368,0.9490900189120737,0.9486470344268564,0.9499549094404292,0.9505036438485583,0.9486394858824674
0.027758470313937238,0.035627960274583245,0.03100952719817909,0.030455582965420218,0.04406883815861307,0.9876182523297545,0.03384860841853053,0.029226853274899822,0.976130727147995,0.045111036646722745,0.04380873095193367,0.0427811993203691,0.026012156653375983,0.05895461063230027,0.04153707629425589,0.04116164553533907,0.026523302233284425,0.062171990205958816,0.03519753391077844,0.06779798799910638,0.03144015245551532,0.03655353750944453,0.03081346267202239,0.028760177333447958,0.9489811173681468,0.036479203009806616,0.02594564310515983,0.08166158970884863,0.03247728049258278,0.02594849147902363,0.027985547964953568,0.049087586960279365,0.9408809859617263,0.9629322710175291,0.041455348617504044,0.05161876018138592,0.025802767333718515,0.937667432124872,0.02682942593996,0.0272074423578968,0.02600661312421949,0.043184324906915726,0.025799057325690364,0.06619971157177927,0.040483332997894604,0.046284232386512025,0.039210140645686925,0.026396345538793952,0.05639061181533856,0.06498267538599185,0.02612365415263144
0.010629055370980946,0.02473450418417409,0.017436597172735643,0.01643127133466057,0.035840014516733604,0.9872852963955192,0.02209462459017261,0.014023305468475205,0.975793851500604,0.037114010444192186,0.03551969948533566,0.0342443449229036,0.004367658144751778,0.053085687889635344,0.03267679376842959,0.03219821745200412,0.006777145805410598,0.05663744794815073,0.024110382355119184,0.06276154332580276,0.018191408146036692,0.02605005275165508,0.017085479968375516,0.013022747181797616,0.9486346004996898,0.02594564310515983,0.003952282890934284,0.07753102203431847,0.019930325940725146,0.0039709386732365935,0.011208703707760356,0.041857321193461874,0.9405314847936883,0.9625907763483327,0.03257284256721293,0.044798890014966626,0.0028682653272762764,0.9373167327064855,0.007890642570630262,0.009093352713269233,0.00433452074657274,0.03474665540128584,0.0028346962454382325,0.06103151608879146,0.031326416879816715,0.03853147170195154,0.029662759031556622,0.006261884837095885,0.05022295535726512,0.05970923081258739,0.0049889327712389275
0.07815635390494738,0.08128489733568549,0.07936922425348668,0.07915444090705993,0.0853225965275066,0.9903169670950934,0.08052087476807902,0.07868984644729059,0.9788611134701486,0.08586552631229609,0.08518854318019858,0.08466471518191505,0.07755330602434317,0.09388039782804386,0.0840429157551098,0.08385799928881292,0.07772624101874347,0.09593351524736018,0.08109716009174456,0.09967171192606566,0.07953845716363685,0.08169482288370554,0.07929282731360868,0.07851770998823783,0.9517893906231789,0.08166158970884863,0.07753102203431847,0.10957416764603772,0.07995409138836827,0.07753197528492752,0.07823729210833134,0.08801973741797142,0.9437133636469582,0.9656999749138041,0.08400255300015853,0.08945601927321091,0.0774833258425557,0.9405094875912721,0.07783123459006318,0.07796234925400802,0.07755144684490725,0.08486912806911422,0.07748209044959943,0.09859150467323448,0.08352714069189769,0.0864876473790003,0.08291753801820335,0.07768300997868875,0.09229184190628037,0.09777847964591616,0.0775907745020756
0.022239023587670135,0.03151813841727483,0.026184580825703938,0.025526144043447063,0.040817937143040994,0.9874785333519113,0.029491859687619394,0.024046838634542718,0.9759893636605045,0.041940995735737806,0.04053697575772179,0.0394242629766539,0.020016837655408667,0.05656578127074129,0.03807059499191008,0.037660623456604016,0.02067672743258382,0.059911583705766394,0.03103075715098831,0.0657313370675676,0.02669315796958576,0.032560752454720426,0.025952090046917817,0.023477420987293034,0.9488357089703463,0.03247728049258278,0.019930325940725146,0.07995409138836827,0.027907261495121863,0.0199340338617194,0.02252182032744979,0.04619126204755833,0.9407343255352563,0.9627889696412912,0.037981408938611114,0.04887267026290508,0.019743968649722502,0.9375202689881509,0.021067975513347558,0.02154730645861544,0.020009633233921086,0.03986135238083721,0.019739119910914756,0.06408153640597251,0.03691804093639904,0.04320036647497174,0.03551727221251322,0.02051361873894075,0.053888241731118065,0.06282347965756438,0.020161517855794276
0.010636006392251417,0.024737492013814977,0.01744083526844075,0.016435768663797635,0.035842076592411745,0.9872853712542716,0.02209796935642038,0.014028574772898376,0.9757939272409312,0.03711600173979197,0.03552178015563394,0.03424650307834988,0.0043845469054453814,0.053087080091227576,0.032679055446587085,0.03220051274410358,0.006788042366133891,0.05663875284622815,0.02411344751806918,0.0627627208981036,0.01819547043173999,0.026052889710368916,0.01708980513775377,0.013028421165193113,0.9486346784084497,0.02594849147902363,0.0039709386732365935,0.07753197528492752,0.0199340338617194,0.003989507218096005,0.011215295480057352,0.04185908684371013,0.9405315633736683,0.9625908531275281,0.03257511146266537,0.04480053973413391,0.0028939177397240257,0.9373168115559742,0.007900003422409175,0.009101476663957065,0.004351538118769457,0.03474878235956392,0.002860649699025685,0.06103272704044155,0.03132877604415308,0.03853338974726889,0.029665250500557516,0.006273676403010079,0.05022442691275311,0.059710468580705924,0.005003725021678934
0.014932893786462413,0.026866525566126235,0.020348204336565954,0.019493618864429123,0.03734328774114653,0.9873410104809517,0.024457860383505524,0.01751192722176961,0.9758502216657746,0.038567658342320905,0.03703597643220634,0.03581465702693776,0.011361819239356231,0.0541119650121317,0.03431890659305549,0.03386354538209092,0.012487762170468467,0.05760047750529393,0.026293060606715823,0.06363195596078283,0.02099861493275399,0.02808237431419219,0.020048145163783854,0.016721436628454107,0.9486925844360566,0.027985547964953568,0.011208703707760356,0.07823729210833134,0.02252182032744979,0.011215295480057352,0.015350880677236391,0.04315147548173783,0.9405899682576773,0.9626479196516472,0.03421994406288279,0.046010379756436105,0.010873888207354541,0.9373754167409767,0.013125423381203039,0.013881770864205683,0.011349121942285155,0.03629524156599726,0.010865081755895373,0.06192625012750893,0.03303572147367838,0.03993355494163626,0.031462577328035014,0.012215797168889151,0.05130652729990828,0.06062348342836482,0.011614815924255131
0.04300455342777134,0.048458337720970024,0.04517133735464242,0.044792873039311724,0.0549629096573529,0.988164293665902,0.04716553013826221,0.043966667985018235,0.9766831909190542,0.055802012228003635,0.05475457833799121,0.05393598016761589,0.0418985827339312,0.06748707325227875,0.05295458099567156,0.05266061150925997,0.042217822098143044,0.07031511436044276,0.048142759941165646,0.0753354240585349,0.045468034131446136,0.049142853456089354,0.04503696729568302,0.04365783711550171,0.9495493773694177,0.049087586960279365,0.041857321193461874,0.08801973741797142,0.04619126204755833,0.04185908684371013,0.04315147548173783,0.05906310299108313,0.9414541352002563,0.9634923027758594,0.0528904988665365,0.06118296612633076,0.041768908813019236,0.9382425444462662,0.04241081274415881,0.042650953811264075,0.04189514133578177,0.054256288658720175,0.041766617055329754,0.07390034339256532,0.05213213204896503,0.05675463953687798,0.05114972209901882,0.04213817745412955,0.06525917592385386,0.07281213526379718,0.041967895439712036
0.9405832393606901,0.9408483666592651,0.9406847975114375,0.9406666997538731,0.9412058010811077,1.3635674203452348,0.9407826666047534,0.9406277193685247,1.3552702660261358,0.9412551742856033,0.9411936582870172,0.9411463905829788,0.9405333219965358,0.9420201397034385,0.9410906578003814,0.9410741620909887,0.9405475974417444,0.9422269651513108,0.9408321656307675,0.9426149079389773,0.9406990914625706,0.9408838709407946,0.9406783546855534,0.9406133346345517,1.3358485912008802,0.9408809859617263,0.9405314847936883,0.9437133636469582,0.9407343255352563,0.9405315633736683,0.9405899682576773,0.9414541352002563,1.3301065097338596,1.3457952504222386,0.9410870541140594,0.941589503921291,0.9405275542450405,1.327835272449008,0.9405562798622671,0.9405671387050145,0.9405331686964966,0.9411648014082049,0.9405274524706729,0.9425012993647629,0.9410447373758051,0.9413121308363599,0.9409908249401447,0.9405440258434918,0.9418631527950266,0.9424165987462237,0.9405364122660886
0.9626413449405314,0.9629003987267182,0.9627405762155244,0.9627228930738632,0.9632496503043204,1.3788754978784792,0.9628362034150026,0.962684805773467,1.370671011876015,0.9632978936663815,0.9632377854000352,0.9631915994910019,0.9625925714488478,0.9640453684498212,0.9631371423747608,0.9631210242632658,0.9626065197556598,0.9642474696264001,0.9628845687350825,0.9646265564929635,0.9627545427060687,0.9629350899303648,0.9627342809916897,0.9626707506281661,1.3514706757588348,0.9629322710175291,0.9625907763483327,0.9656999749138041,0.9627889696412912,0.9625908531275281,0.9626479196516472,0.9634923027758594,1.3457952504222386,1.3613031935912445,0.9631336211781542,0.9636245756088877,0.9625869358747933,1.3435505348078267,0.9626150032131294,0.9626256132237515,0.962592421661909,0.9632095889433471,0.9625868364327655,0.9645155406352622,0.9630922731313775,0.9633535469817683,0.9630395949514226,0.9626030300038271,0.9638919687473558,0.9644327734036554,0.9625955909004734
0.03403448766968361,0.0407082943648514,0.03673424089079178,0.036267839893378055,0.04826879088415353,0.9878145706617446,0.03916046435678626,0.03524234142506189,0.9763293553710456,0.04922214241690495,0.04803143329515601,0.04709612183669968,0.032625848196298025,0.06215673568949904,0.04596892846089569,0.045629976330752234,0.03303481857262518,0.06521633263943895,0.04033212206379066,0.07060014768748776,0.037098475213870406,0.04152077529650042,0.03656888238117523,0.034856297523108856,0.9491854269836134,0.041455348617504044,0.03257284256721293,0.08400255300015853,0.037981408938611114,0.03257511146266537,0.03421994406288279,0.0528904988665365,0.9410870541140594,0.9631336211781542,0.04589509348249446,0.05524771560373825,0.03245915092614288,0.9378742063541462,0.033281102341056995,0.033586583577767885,0.03262142858553157,0.04746261259595992,0.03245620180585474,0.06906674662205306,0.04501903960977547,0.050299541194495596,0.04387765725540347,0.03293297336365968,0.05973035055711888,0.06790111764241662,0.032714812899578206
0.045872615192535986,0.05102073797741493,0.04790986252837047,0.04755319846441817,0.057234837704695035,0.9882932644136109,0.04979450212928898,0.04677577474275836,0.9768136775418873,0.05804110420878217,0.05703480567207764,0.0562494014698992,0.04483744466617741,0.0693499117896979,0.055309066684473926,0.05502767679640535,0.045135902691658875,0.07210492713124803,0.05072110550681193,0.07700864449631432,0.04818970156432591,0.05167131946144898,0.04778319403590415,0.04648561014641114,0.9496835921883294,0.05161876018138592,0.044798890014966626,0.08945601927321091,0.04887267026290508,0.04480053973413391,0.046010379756436105,0.06118296612633076,0.941589503921291,0.9636245756088877,0.05524771560373825,0.06323180017282587,0.04471629403819999,0.9383783764655301,0.04531646772091297,0.04554128972801523,0.04483422885057324,0.05655660941126873,0.0447141533446291,0.0756053302526979,0.0545221459688737,0.05895756370510401,0.05358357285481529,0.04506141595906808,0.06718381688577205,0.07454201668021827,0.044902221066658234
0.010275369775198473,0.024584590766872836,0.017223278633928443,0.016204724114002114,0.03573671846291093,0.9872815519823744,0.021926669644940236,0.013757161851190455,0.9757900629911747,0.03701426991295776,0.035415469183200696,0.034136220721346366,0.0034180174966053005,0.0530160038540577,0.0325634650631987,0.032083198297928876,0.006207746064835278,0.05657213904403091,0.02395656367778413,0.06270261339509144,0.01798704356678366,0.025907752783707348,0.016867721591473,0.012735711605509178,0.9486307035254256,0.025802767333718515,0.0028682653272762764,0.0774833258425557,0.019743968649722502,0.0028939177397240257,0.010873888207354541,0.041768908813019236,0.9405275542450405,0.9625869358747933,0.03245915092614288,0.04471629403819999,0.0009128811123792108,0.9373127886770236,0.007407337316143093,0.008677296209396354,0.003375570476253298,0.03464009912678354,0.0008011920753383868,0.06097091406592241,0.031208184831318677,0.03843540968242665,0.02953786856396171,0.005640709853443517,0.05014929362170048,0.05964728535456176,0.004182804816582427
0.9373686647683453,0.9376347010263368,0.9374705711607567,0.937452411351736,0.9379933600575597,1.3613520093459661,0.9375687757744985,0.9374132973068887,1.3530412696950134,0.9380429023465626,0.937981175676271,0.9379337460773602,0.9373185762104476,0.9388104852046695,0.9378778223854617,0.9378612701666478,0.9373329006157732,0.9390180176022134,0.9376184444691888,0.9394072855754035,0.937484914119607,0.9376703269912486,0.9374641062447463,0.9373988632464156,1.3335871333125247,0.937667432124872,0.9373167327064855,0.9405094875912721,0.9375202689881509,0.9373168115559742,0.9373754167409767,0.9382425444462662,1.327835272449008,1.3435505348078267,0.9378742063541462,0.9383783764655301,0.9373127886770236,1.3255601435932933,0.9373416128134334,0.9373525088967752,0.9373184223846311,0.9379522199627692,0.9373126865535936,0.9392932890357556,0.9378317446461488,0.9381000539297658,0.9377776474969295,0.9373293167682446,0.9386529614912686,0.9392082991092775,0.9373216770787428
0.012634022249737,0.025660035022665038,0.018726361661885186,0.017794054563272217,0.03648490565545081,0.9873089172994012,0.02312604886071399,0.01559791000069039,0.9758177505694957,0.03773713650211258,0.036170302067525306,0.03491871789350612,0.008106672424422194,0.05352319085072608,0.03338284815757861,0.03291453945012771,0.009621403504440771,0.05704771871167991,0.025058975187295933,0.06313202848605522,0.019431135593761903,0.026930409363607584,0.01839987298535595,0.014704885048462244,0.9486591837774689,0.02682942593996,0.007890642570630262,0.07783123459006318,0.021067975513347558,0.007900003422409175,0.013125423381203039,0.04241081274415881,0.9405562798622671,0.9626150032131294,0.033281102341056995,0.04531646772091297,0.007407337316143093,0.9373416128134334,0.010435705069850969,0.011372368429460575,0.008088867054782158,0.03541146370461375,0.007394403487190315,0.06141243893726972,0.03206222223514048,0.03913203306302604,0.030438807031348398,0.009265684099974596,0.05068517480432829,0.0600985352929529,0.008457609019304002
